WARNING:tensorflow:From /home/neo/Code/Choice_MDP_AC_err_test.py:587: get_global_step (from tensorflow.contrib.framework.python.ops.variables) is deprecated and will be removed in a future version.
Instructions for updating:
Please switch to tf.train.get_global_step
WARNING:tensorflow:From /usr/local/lib/python3.6/dist-packages/tensorflow/python/util/tf_should_use.py:118: initialize_all_variables (from tensorflow.python.ops.variables) is deprecated and will be removed after 2017-03-02.
Instructions for updating:
Use `tf.global_variables_initializer` instead.

err_num = 6
test_num = 10
num_episodes = 160

i_err 1/6.
i_err 2/6.
i_err 3/6.
i_err 4/6.
i_err 5/6.
i_err 6/6.[[1.         1.         0.99       1.         1.         1.
  1.         1.         1.         1.        ]
 [0.8021978  0.79545455 0.75555556 0.86904762 0.71428571 0.87234043
  0.83333333 0.89130435 0.82608696 0.76344086]
 [0.63414634 0.67058824 0.65909091 0.56790123 0.54651163 0.67058824
  0.5952381  0.56097561 0.52873563 0.63414634]
 [0.51351351 0.47191011 0.6375     0.51190476 0.61728395 0.62962963
  0.57692308 0.5        0.43023256 0.53164557]
 [0.58108108 0.37837838 0.47945205 0.41428571 0.46835443 0.41463415
  0.39344262 0.48101266 0.37142857 0.43421053]
 [0.32876712 0.37681159 0.34285714 0.44594595 0.453125   0.43661972
  0.48101266 0.41428571 0.375      0.36842105]]
[[0.         0.         0.         0.         0.         0.
  0.         0.         0.         0.        ]
 [0.05494505 0.09090909 0.06666667 0.05952381 0.10989011 0.05319149
  0.06666667 0.0326087  0.10869565 0.16129032]
 [0.18292683 0.18823529 0.18181818 0.17283951 0.22093023 0.18823529
  0.22619048 0.19512195 0.2183908  0.15853659]
 [0.32432432 0.33707865 0.225      0.27380952 0.27160494 0.18518519
  0.25641026 0.2625     0.34883721 0.25316456]
 [0.22972973 0.43243243 0.31506849 0.42857143 0.32911392 0.43902439
  0.45901639 0.3164557  0.44285714 0.38157895]
 [0.56164384 0.47826087 0.48571429 0.47297297 0.484375   0.4084507
  0.39240506 0.41428571 0.52777778 0.51315789]]
[[0.         0.         0.01       0.         0.         0.
  0.         0.         0.         0.        ]
 [0.14285714 0.11363636 0.17777778 0.07142857 0.17582418 0.07446809
  0.1        0.07608696 0.06521739 0.07526882]
 [0.18292683 0.14117647 0.15909091 0.25925926 0.23255814 0.14117647
  0.17857143 0.24390244 0.25287356 0.20731707]
 [0.16216216 0.19101124 0.1375     0.21428571 0.11111111 0.18518519
  0.16666667 0.2375     0.22093023 0.21518987]
 [0.18918919 0.18918919 0.20547945 0.15714286 0.20253165 0.14634146
  0.14754098 0.20253165 0.18571429 0.18421053]
 [0.10958904 0.14492754 0.17142857 0.08108108 0.0625     0.15492958
  0.12658228 0.17142857 0.09722222 0.11842105]]
[[0.14893617 0.11111111 0.06       0.10526316 0.16161616 0.10416667
  0.08080808 0.13       0.07       0.11      ]
 [0.16129032 0.26666667 0.2826087  0.20212766 0.27083333 0.2173913
  0.21978022 0.27659574 0.2173913  0.28089888]
 [0.36170213 0.36046512 0.37209302 0.34408602 0.34444444 0.36781609
  0.45348837 0.34782609 0.29885057 0.36666667]
 [0.48051948 0.4025974  0.44186047 0.37647059 0.46987952 0.34444444
  0.42105263 0.35       0.50632911 0.46428571]
 [0.49350649 0.46153846 0.42682927 0.50684932 0.4        0.44186047
  0.32467532 0.41772152 0.48611111 0.43037975]
 [0.32394366 0.36764706 0.46031746 0.35443038 0.35526316 0.41558442
  0.41538462 0.36986301 0.47887324 0.42424242]]
[[0.85106383 0.88888889 0.94       0.89473684 0.83838384 0.89583333
  0.91919192 0.87       0.93       0.89      ]
 [0.79569892 0.7        0.68478261 0.73404255 0.64583333 0.7173913
  0.71428571 0.68085106 0.73913043 0.61797753]
 [0.53191489 0.55813953 0.53488372 0.5483871  0.58888889 0.49425287
  0.51162791 0.55434783 0.52873563 0.55555556]
 [0.48051948 0.46753247 0.46511628 0.48235294 0.42168675 0.54444444
  0.47368421 0.575      0.40506329 0.48809524]
 [0.4025974  0.42307692 0.5        0.38356164 0.4875     0.45348837
  0.58441558 0.43037975 0.40277778 0.49367089]
 [0.53521127 0.54411765 0.38095238 0.5443038  0.48684211 0.41558442
  0.46153846 0.43835616 0.45070423 0.43939394]]
[[0.         0.         0.         0.         0.         0.
  0.         0.         0.         0.        ]
 [0.04301075 0.03333333 0.0326087  0.06382979 0.08333333 0.06521739
  0.06593407 0.04255319 0.04347826 0.1011236 ]
 [0.10638298 0.08139535 0.09302326 0.10752688 0.06666667 0.13793103
  0.03488372 0.09782609 0.17241379 0.07777778]
 [0.03896104 0.12987013 0.09302326 0.14117647 0.10843373 0.11111111
  0.10526316 0.075      0.08860759 0.04761905]
 [0.1038961  0.11538462 0.07317073 0.10958904 0.1125     0.10465116
  0.09090909 0.15189873 0.11111111 0.07594937]
 [0.14084507 0.08823529 0.15873016 0.10126582 0.15789474 0.16883117
  0.12307692 0.19178082 0.07042254 0.13636364]]
[Finished in 81979.1s]
