WARNING:tensorflow:From /home/neo/Code/Choice_MDP_REINFORCE_err_test.py:587: get_global_step (from tensorflow.contrib.framework.python.ops.variables) is deprecated and will be removed in a future version.
Instructions for updating:
Please switch to tf.train.get_global_step
WARNING:tensorflow:From /usr/local/lib/python3.6/dist-packages/tensorflow/python/util/tf_should_use.py:118: initialize_all_variables (from tensorflow.python.ops.variables) is deprecated and will be removed after 2017-03-02.
Instructions for updating:
Use `tf.global_variables_initializer` instead.

i_err 1/6.
i_err 2/6.
i_err 3/6.
i_err 4/6.
i_err 5/6.
i_err 6/6.[[0. 0. 0. 0. 0. 0. 0. 0. 0. 0.]
 [0. 0. 0. 0. 0. 0. 0. 0. 0. 0.]
 [0. 0. 0. 0. 0. 0. 0. 0. 0. 0.]
 [0. 0. 0. 0. 0. 0. 0. 0. 0. 0.]
 [0. 0. 0. 0. 0. 0. 0. 0. 0. 0.]
 [0. 0. 0. 0. 0. 0. 0. 0. 0. 0.]]
[[0.09 0.03 0.08 0.03 0.04 0.03 0.05 0.06 0.06 0.05]
 [0.16 0.17 0.22 0.18 0.15 0.21 0.16 0.12 0.19 0.13]
 [0.25 0.35 0.38 0.32 0.26 0.3  0.3  0.36 0.33 0.28]
 [0.3  0.41 0.47 0.4  0.42 0.42 0.51 0.37 0.35 0.39]
 [0.49 0.56 0.62 0.59 0.56 0.54 0.51 0.55 0.61 0.55]
 [0.67 0.69 0.56 0.66 0.66 0.64 0.71 0.68 0.63 0.67]]
[[0.91 0.97 0.92 0.97 0.96 0.97 0.95 0.94 0.94 0.95]
 [0.84 0.83 0.78 0.82 0.85 0.79 0.84 0.88 0.81 0.87]
 [0.75 0.65 0.62 0.68 0.74 0.7  0.7  0.64 0.67 0.72]
 [0.7  0.59 0.53 0.6  0.58 0.58 0.49 0.63 0.65 0.61]
 [0.51 0.44 0.38 0.41 0.44 0.46 0.49 0.45 0.39 0.45]
 [0.33 0.31 0.44 0.34 0.34 0.36 0.29 0.32 0.37 0.33]]
[[0. 0. 0. 0. 0. 0. 0. 0. 0. 0.]
 [0. 0. 0. 0. 0. 0. 0. 0. 0. 0.]
 [0. 0. 0. 0. 0. 0. 0. 0. 0. 0.]
 [0. 0. 0. 0. 0. 0. 0. 0. 0. 0.]
 [0. 0. 0. 0. 0. 0. 0. 0. 0. 0.]
 [0. 0. 0. 0. 0. 0. 0. 0. 0. 0.]]
[[1.   1.   1.   1.   1.   1.   1.   1.   1.   1.  ]
 [0.94 0.94 0.96 0.96 0.94 0.93 0.91 0.94 0.97 0.98]
 [0.81 0.84 0.9  0.88 0.84 0.88 0.87 0.83 0.92 0.89]
 [0.83 0.76 0.82 0.79 0.73 0.75 0.77 0.76 0.79 0.79]
 [0.76 0.75 0.75 0.82 0.69 0.75 0.68 0.65 0.72 0.7 ]
 [0.67 0.64 0.7  0.68 0.62 0.7  0.78 0.75 0.58 0.78]]
[[0.   0.   0.   0.   0.   0.   0.   0.   0.   0.  ]
 [0.06 0.06 0.04 0.04 0.06 0.07 0.09 0.06 0.03 0.02]
 [0.19 0.16 0.1  0.12 0.16 0.12 0.13 0.17 0.08 0.11]
 [0.17 0.24 0.18 0.21 0.27 0.25 0.23 0.24 0.21 0.21]
 [0.24 0.25 0.25 0.18 0.31 0.25 0.32 0.35 0.28 0.3 ]
 [0.33 0.36 0.3  0.32 0.38 0.3  0.22 0.25 0.42 0.22]]
[Finished in 73460.9s]
